0 (0.4504850489838968, 5.25)
1 (0.44904035339704407, 6.35)
2 (0.44857468398446476, 7.75)
3 (0.44840817368474084, 7.7)
4 (0.44518753161178176, 8.35)
5 (0.444451886152621, 10.8)
6 (0.44306150135031663, 14.95)
7 (0.44216440178552086, 15.0)
8 (0.4419015158328435, 15.6)
9 (0.44142391931803154, 16.9)
10 (0.4412303109181434, 16.15)
11 (0.4404969244453324, 16.45)
12 (0.4402271127036402, 16.5)
13 (0.4400579580967102, 16.7)
14 (0.4400579580967102, 16.7)
15 (0.43986183209605245, 16.7)
16 (0.43983045594419024, 16.4)
17 (0.438869176226462, 15.9)
18 (0.43851060029282546, 16.1)
19 (0.4380394617357135, 16.75)
20 (0.43485383380710746, 17.1)
21 (0.4347597375923268, 17.1)
22 (0.4347528656196233, 17.55)
23 (0.4346497974533793, 17.8)
24 (0.43438036265921093, 17.85)
25 (0.4339597878809968, 19.1)
26 (0.4229071116848906, 18.75)
27 (0.4229071116848906, 18.75)
28 (0.4210058234063115, 18.35)
29 (0.4210058234063115, 18.35)
30 (0.42088974096423587, 17.7)
31 (0.42088974096423587, 17.7)
32 (0.4168069328679431, 17.2)
33 (0.4064032449695204, 16.85)
34 (0.39145525361850614, 16.8)
35 (0.39145525361850614, 16.8)
36 (0.3873898109901842, 16.6)
37 (0.35035814857486336, 15.75)
38 (0.3396282506001617, 15.15)
39 (0.3396282506001617, 15.15)
40 (0.3248946069069222, 15.1)
41 (0.30360118611688736, 15.25)
42 (0.2935786583131203, 15.05)
43 (0.2744895623464334, 16.2)
44 (0.2563065300097618, 15.35)
45 (0.2495490451370868, 16.15)
46 (0.2428631590064662, 15.9)
47 (0.2428631590064662, 15.9)
48 (0.2428631590064662, 15.9)
49 (0.229574794256063, 15.6)
50 (0.22530503002998584, 16.6)
51 (0.22450051391711273, 17.6)
52 (0.22443885743834818, 18.3)
53 (0.22443885743834818, 18.3)
54 (0.22437844662868325, 18.6)
55 (0.22437844662868325, 18.6)
56 (0.2243149735267989, 19.55)
57 (0.22426085237396323, 19.05)
58 (0.22426085237396323, 19.05)
59 (0.22426085237396323, 19.05)
60 (0.22426085237396323, 19.05)
61 (0.22426085237396323, 19.05)
62 (0.22425852449810155, 19.35)
63 (0.22425852449810155, 19.35)
64 (0.22425852449810155, 19.35)
65 (0.22425852449810155, 19.35)
66 (0.22425852449810155, 19.35)
67 (0.22424539914929578, 19.15)
68 (0.22424539914929578, 19.15)
69 (0.22424539914929578, 19.15)
70 (0.224221491941341, 18.55)
71 (0.2242016544622933, 18.75)
72 (0.2242016544622933, 18.75)
73 (0.2241987069763228, 18.75)
74 (0.2241987069763228, 18.75)
75 (0.2241987069763228, 18.75)
76 (0.2241987069763228, 18.75)
77 (0.2241987069763228, 18.75)
78 (0.22418438197050433, 18.6)
79 (0.22417025866192059, 19.2)
80 (0.22417025866192059, 19.2)
81 (0.22415549750907174, 19.4)
82 (0.22415549750907174, 19.4)
83 (0.22415549750907174, 19.4)
84 (0.22415549750907174, 19.4)
85 (0.22415549750907174, 19.4)
86 (0.22415549750907174, 19.4)
87 (0.22415074999895584, 19.4)
88 (0.22414696990729932, 19.35)
89 (0.22414696990729932, 19.35)
90 (0.22414696990729932, 19.35)
91 (0.22414696990729932, 19.35)
92 (0.22414696990729932, 19.35)
93 (0.22414696990729932, 19.35)
94 (0.22413943786406013, 18.65)
95 (0.22413943786406013, 18.65)
96 (0.22412723448964708, 20.5)
97 (0.22412723448964708, 20.5)
98 (0.22412723448964708, 20.5)
99 (0.22412723448964708, 20.5)
100 (0.22412723448964708, 20.5)
